8
1199	2974
10
26	12
0	51	6455	8318	4066	7217	9134	740	
51	0	9664	1252	9656	5934	6668	1127	
6455	9664	0	3780	8208	1016	5419	4029	
8318	1252	3780	0	9461	962	7292	6753	
4066	9656	8208	9461	0	2279	2112	243	
7217	5934	1016	962	2279	0	4915	1022	
9134	6668	5419	7292	2112	4915	0	7403	
740	1127	4029	6753	243	1022	7403	0	
50	50
50	50
1	1
50	50	
50	50
50	50
50	50
50	50
200
NP	0	1	3	3012
NP	2	2	4	33333381
EP	5	3	3	3806	42
EP	11	4	6	2883	89
NP	17	5	5	9461
NP	22	6	4	5266
NP	28	7	7	1781
NP	31	8	4	6784
SP	40	9	2	1027
NP	40	10	8	3183
SP	49	11	4	8603
SP	56	12	6	6470
EP	63	13	3	6631	66
EP	67	14	2	100	98
EP	70	15	8	1605	47
NP	70	16	1	3700
SP	77	17	2	1160
NP	77	18	8	8625
EP	80	19	7	9968	50
SP	80	20	4	1790
EP	88	21	7	7864	59
SP	88	22	8	4576
EP	94	23	6	4031	58
SP	95	24	3	6377
NP	103	25	2	9017
EP	110	26	8	6022	40
EP	117	27	6	957	63
EP	126	28	1	5423	61
SP	132	29	6	5055
EP	135	30	7	2429	51
SP	140	31	8	4058
EP	145	32	8	441	13
NP	151	33	6	5336
NP	155	34	8	110
EP	158	35	8	5290	21
SP	159	36	8	59
EP	160	37	8	3575	57
EP	164	38	4	5373	87
SP	172	39	3	9163
SP	178	40	3	8529
EP	184	41	3	6912	42
EP	188	42	6	6824	63
EP	189	43	1	4469	31
SP	192	44	7	8258
EP	194	45	3	1929	18
EP	198	46	2	5509	76
NP	198	47	2	3062
EP	199	48	1	4547	69
SP	204	49	6	5757
SP	205	50	7	9411
NP	211	51	5	180
NP	215	52	2	3260
NP	216	53	8	9591
SP	221	54	2	7609
SP	222	55	3	8974
EP	222	56	6	4461	97
SP	230	57	3	1680
EP	230	58	5	6943	5
EP	231	59	7	1405	35
SP	239	60	6	8720
NP	246	61	5	2005
NP	254	62	3	8460
EP	258	63	3	7694	92
SP	261	64	1	3039
NP	267	65	2	398
EP	269	66	4	4144	59
NP	275	67	1	3726
EP	283	68	4	4299	95
EP	288	69	3	1388	51
NP	290	70	2	2182
NP	292	71	4	7066
EP	292	72	3	6033	87
EP	300	73	6	2517	27
NP	304	74	3	6952
SP	306	75	4	2220
NP	309	76	6	8656
NP	313	77	5	7141
EP	320	78	6	348	20
SP	324	79	8	3128
NP	327	80	3	2745
EP	336	81	5	8766	57
NP	345	82	1	6299
SP	345	83	3	8281
NP	353	84	1	814
EP	356	85	6	3386	12
EP	364	86	7	9403	33
EP	370	87	2	6726	29
SP	379	88	7	2350
SP	380	89	3	2980
SP	384	90	6	3296
NP	388	91	1	4123
NP	397	92	4	3026
NP	402	93	5	3462
SP	402	94	7	3415
SP	407	95	7	5874
NP	409	96	3	1288
EP	418	97	4	2905	57
SP	423	98	2	732
SP	424	99	3	2681
SP	430	100	3	8862
EP	435	101	8	1405	70
NP	440	102	7	4420
NP	442	103	3	2780
NP	443	104	7	6519
EP	452	105	3	176	12
NP	460	106	7	1255
NP	460	107	6	955
EP	465	108	4	6661	66
EP	466	109	1	8365	7
SP	469	110	1	4935
SP	469	111	5	9532
EP	474	112	8	2194	99
SP	480	113	4	3205
SP	485	114	5	7058
NP	488	115	5	5908
SP	488	116	8	5717
NP	490	117	1	4931
NP	498	118	6	9096
EP	498	119	2	3441	26
SP	506	120	2	4037
EP	513	121	1	9546	68
NP	516	122	6	6926
SP	519	123	7	377
SP	520	124	5	2193
EP	529	125	2	5446	19
NP	534	126	2	1693
SP	534	127	4	8006
NP	543	128	4	4559
EP	549	129	7	213	51
NP	553	130	7	130
SP	559	131	5	5339
NP	566	132	8	9093
SP	575	133	2	8027
EP	575	134	1	3910	85
EP	583	135	2	376	21
NP	583	136	8	7037
NP	583	137	2	246
EP	587	138	6	6166	98
EP	591	139	4	9815	78
SP	595	140	6	7392
SP	603	141	4	9037
NP	603	142	6	5619
SP	610	143	7	6110
SP	615	144	4	3584
EP	622	145	6	2729	11
EP	625	146	2	2610	86
SP	626	147	8	2611
EP	630	148	1	2188	19
NP	633	149	3	8551
NP	638	150	1	8368
SP	638	151	7	9470
NP	646	152	1	9389
SP	652	153	2	1619
NP	660	154	8	70
SP	660	155	2	4285
EP	660	156	8	196	88
NP	667	157	5	811
EP	669	158	3	8696	43
SP	678	159	3	209
NP	681	160	8	7869
SP	687	161	7	3003
NP	694	162	3	6824
SP	695	163	8	596
NP	701	164	1	8139
EP	707	165	1	9969	98
EP	711	166	2	8398	71
SP	718	167	3	6966
NP	726	168	6	3825
NP	731	169	6	1143
SP	740	170	5	1749
EP	743	171	1	9367	74
EP	750	172	5	2639	25
NP	755	173	5	9555
EP	762	174	4	6302	7
NP	767	175	1	1267
EP	769	176	8	8596	69
SP	773	177	2	2108
NP	775	178	6	9320
NP	778	179	1	6741
EP	780	180	4	3805	76
SP	787	181	7	9372
SP	788	182	4	3869
NP	796	183	7	53
EP	796	184	6	5146	53
SP	797	185	8	5902
EP	803	186	6	7125	58
NP	808	187	8	8255
NP	815	188	5	461
EP	822	189	8	8826	39
NP	822	190	7	7633
EP	830	191	1	188	87
EP	837	192	1	9899	32
EP	839	193	5	3131	69
SP	840	194	2	2334
EP	840	195	4	2790	3
NP	848	196	4	749
SP	854	197	5	492
NP	854	198	4	422
SP	861	199	3	1565
EP	866	200	7	9950	95
114
10	2	4
60	11	4
68	5	5
74	12	6
91	14	2
93	16	1
95	17	2
103	6	4
107	23	6
112	16	1
115	26	8
135	14	2
136	17	2
144	23	6
155	21	7
157	13	3
157	13	3
159	18	8
164	20	4
188	41	3
192	37	8
197	39	3
206	46	2
218	47	2
219	35	8
241	55	3
246	49	6
253	37	8
254	36	8
257	58	5
257	42	6
265	47	2
269	66	4
271	59	7
271	64	1
272	52	2
274	51	5
275	52	2
278	63	3
282	55	3
285	67	1
286	49	6
298	64	1
311	66	4
325	67	1
337	75	4
348	62	3
349	64	1
366	65	2
370	71	4
372	73	6
381	82	1
386	78	6
390	82	1
391	74	3
395	85	6
397	92	4
403	89	3
419	84	1
420	82	1
424	81	5
425	93	5
435	98	2
437	96	3
456	91	1
474	89	3
475	93	5
477	101	8
480	92	4
483	101	8
483	111	5
489	102	7
501	113	4
535	109	1
538	105	3
549	107	6
550	128	4
567	122	6
584	128	4
604	127	4
611	143	7
613	142	6
619	132	8
648	136	8
655	147	8
658	149	3
668	144	4
682	157	5
685	150	1
689	143	7
697	161	7
698	162	3
702	150	1
708	158	3
717	156	8
731	167	3
746	154	8
752	166	2
753	170	5
756	166	2
767	168	6
779	178	6
792	170	5
794	169	6
798	169	6
837	182	4
838	181	7
844	184	6
849	179	1
851	179	1
863	175	1
885	188	5
888	202	8
898	191	1
