4

110  75

20

1	1

0	154	587	634

154	0	533	214

587	533	0	945

634	214	945	0


3     11             
2     5 
6     15            
1     2              


20
NP    1     1     1     159      
SP    2     2     2     588
NP    3     3     3     159      
SP    4     4     4     588

NP    5     5     1     159      
SP    6     6     2     588
NP    7     7     3     159      
SP    8     8     4     588

NP    9     9     4     159      
SP    10    10     3     588
NP    11    11     2     159      
SP    12    12     1     588

NP    13     13     3     159      
SP    14     14     2     588
NP    15     15     1     159      
SP    16     16     4     588

NP    17     17     2     159      
SP    18     18     3     588
NP    19     19     4     159      
SP    20     20     1     588


1

3	2	2